1
27
33
51
67
70
74
85
107
201
226
240
245
302
494
503
573
818
857
858
862
894
910
1023
1025
1188
1189
1502
1506
1596
1684
1701
1711
1718
1918
2054
2075
2337
2405
2586
2611
2620
2767
2771
2832
2834
2959
2960
3175
3322
3357
3414
3452
3534
3536
3537
3538
3539
3546
3572
3602
3603
3604
3618
3620
3641
3655
3667
3668
3688
3707
3767
3770
3875
4003
4130
4216
4237
4325
4327
4362
4377
4381
4384
4391
4392
4405
4453
4776
4779
4967
4994
5046
5050
5084
5086
5090
5114
5150
5152
5166
5167
5205
5216
5260
5314
5460
5462
5498
5505
5509
5525
5535
5538
5547
5577
5603
5612
5623
5660
5675
5712
5926
5980
6002
6033
6078
6081
6085
6087
6088
6090
6112
6120
6122
6344
6569
6580
6618
6637
6642
6753
6861
7054
7056
7160
7178
7191
7211
7244
7660
7782
8332
8352
8368
8425
8517
8612
8728
8873
